1.8421 4.6076
5.6586 4.8
6.3526 3.2909
2.904 4.6122
3.232 4.9399
1.2479 4.9327
1.9762 4.4349
2.2345 5.0555
2.9834 4.8405
2.9797 4.8067
2.115 5.3737
2.1217 5.2085
1.5144 4.77
2.1698 5.2744
0.41852 4.8831
2.4705 4.8042
4.0607 4.995
3.0071 4.679
0.66632 4.8719
3.1622 4.8366
0.51155 4.9105
3.1343 4.9618
2.0497 5.6241
0.66583 5.244
1.0173 4.8447
2.1789 5.2976
2.8596 5.2604
1.3088 5.3016
0.99253 5.0157
1.4037 4.5753
2.6605 5.1962
2.8 5.1153
2.07 4.6847
3.2977 5.5921
1.893 4.8904
2.5598 5.264
1.1535 4.6787
2.2515 5.445
2.2096 4.9147
1.5914 4.8321
1.6784 5.269
2.5915 4.9259
2.81 5.5385
0.95312 5.5804
1.5178 5.0384
3.2311 5.7843
2.5418 4.811
3.8142 4.7353
1.685 4.5964
2.1778 4.8615
1.8173 5.1333
1.8578 4.8696
3.0308 5.2406
2.9266 5.0967
3.4349 5.3408
3.2037 4.8592
0.10512 4.7292
1.406 5.0664
2.2419 4.9245
1.3668 5.2616
1.7073 4.0423
1.9191 5.5785
1.6016 4.6445
0.37963 5.2619
2.0213 4.4127
1.1204 5.2088
2.269 4.6182
-0.24513 5.7402
2.1286 5.0115
1.8442 5.0315
2.3256 4.7487
1.5233 4.8792
1.0229 5.0105
1.8538 5.0075
2.2032 4.9452
1.201 4.5783
1.0206 4.6299
1.6049 5.1366
0.47647 5.1354
0.36392 4.7333
0.3132 5.5469
2.2866 5.0077
2.1546 5.4628
2.0529 4.7796
4.888 5.5067
2.403 5.0815
2.5687 5.2069
1.8298 4.5966
0.54845 5.0267
3.1711 5.5946
3.042 5.0076
2.4043 5.0259
0.17783 5.2977
2.6143 5.2229
2.301 4.9724
3.9078 5.0946
2.0567 5.2339
1.3813 5.0019
1.1607 4.6773
1.7282 5.3603
3.2036 0.72221
3.0619 1.5719
4.0171 1.1607
1.4026 1.0873
4.0816 0.872
3.1527 0.98156
3.4519 0.42784
3.8538 0.79205
1.5745 1.3481
4.7237 0.62044
2.8796 0.75414
0.96791 1.1617
1.5318 1.1005
4.1384 1.2478
3.1611 1.2942
2.9518 0.89583
3.2784 1.7504
2.127 0.95672
3.3265 1.2802
2.5437 0.95733
3.2339 1.082
4.4315 0.54041
3.5648 1.1176
4.2559 0.90644
4.0539 0.53292
3.0897 1.0881
2.8473 0.26759
3.6359 1.1216
1.9554 1.3216
2.8838 0.80455
3.4844 1.1355
3.498 1.1005
2.4558 0.78905
3.2038 1.0273
3.0068 0.62519
1.9655 1.2173
2.1799 1.3088
2.6121 0.99077
3.9555 0.83269
3.6485 1.6285
4.1845 0.45356
3.7876 1.4544
3.3006 1.2811
3.0284 1.3564
3.1841 1.4141
4.1691 0.20581
3.2402 1.1488
3.916 1.0123
2.9698 1.0121
1.1299 0.77085
2.7173 0.48698
3.1189 0.69438
2.4052 1.1178
2.9582 1.0189
1.6546 1.1863
2.3978 1.2472
2.2841 0.64865
2.7959 0.99527
3.4116 1.1596
3.5066 0.73878
3.9362 1.462
3.9021 1.2778
2.6104 0.88028
4.3727 1.0291
3.0835 1.1963
2.116 0.79304
2.1565 0.40359
2.1449 1.1358
1.8494 1.0223
4.1591 0.61721
2.7649 1.4315
3.9056 1.1658
2.5407 0.98393
4.2778 1.1801
3.3106 1.0312
2.1552 0.80697
3.7136 0.45813
3.5401 0.86446
1.6052 1.1098
1.7516 0.68854
3.1241 0.67822
2.372 1.4279
2.5345 1.2156
3.6834 1.2283
3.267 0.32057
3.9416 0.82577
3.2646 1.3837
4.3047 1.1073
2.685 0.35345
3.1264 1.2807
2.9429 1.0283
3.1188 1.3329
2.0236 0.44772
3.622 1.2864
2.4287 0.86499
2.0952 1.1401
5.2924 0.36873
2.0729 1.1676
0.94623 0.24522
2.7391 1.1007
6.0051 2.7278
6.057 2.9497
6.7701 3.2141
5.6403 2.6939
5.6333 2.99
6.1744 3.2903
7.2469 2.9688
5.5816 3.3351
5.3627 3.1468
4.7078 2.7871
7.4289 3.4668
6.6411 3.06
6.3747 2.5625
7.2878 2.7518
6.203 2.6786
5.3874 2.2674
5.6673 2.9648
6.597 3.0708
7.7566 3.156
6.6326 3.148
5.7663 3.1427
5.9942 2.7571
6.3787 2.6502
5.7404 3.1039
4.6165 2.7932
5.3353 3.0393
5.3729 2.8168
5.0361 2.9249
5.5291 3.3368
6.0509 2.807
5.132 2.1981
5.7328 2.8774
6.7811 3.0568
6.4483 3.353
6.3994 2.8976
5.8607 2.9958
6.4477 3.1656
5.3671 3.195
5.8874 3.3462
3.9616 2.7203
6.2844 3.1736
4.2058 2.8165
5.3262 3.0331
7.1714 3.4123
7.4949 2.8402
7.3981 3.4849
5.0243 2.9868
5.3171 2.8174
5.8766 3.2166
6.0376 2.683
5.9128 2.8563
6.6945 2.8906
6.0102 2.724
6.9272 3.1996
6.3356 3.3086
6.2426 2.7918
5.5781 3.2477
6.4077 2.6755
6.8003 3.1758
7.2168 2.729
6.511 2.7273
4.6063 3.3295
7.655 2.871
5.503 2.6292
6.6306 3.015
3.4593 2.6848
8.2034 2.4169
4.9568 2.8978
5.3705 2.4495
5.698 2.9498
6.2738 2.2426
5.0527 2.7569
6.8858 2.8885
4.1877 2.8928
5.9751 3.0259
6.0946 2.6187
5.724 3.0445
4.3725 3.0549
6.2921 2.7757
5.1453 4.1323
6.5871 3.3751
5.7877 3.2926
6.728 3.0044
6.6408 2.4107
6.2323 2.7285
6.2177 2.8099
5.7812 3.0799
6.6245 2.7445
5.1959 3.0697
5.8718 3.2552
5.8956 2.8984
5.6175 2.5975
5.6318 3.0476
5.5026 3.1187
6.4821 2.5509
7.3028 3.3802
6.992 2.9871
4.8255 2.7796
6.1177 2.8548
0.94049 5.7156
